128 = [1]
385 = [39, 0, 0, 198]
385 = [39, 0, 0, 199]
385 = [39, 0, 0, 200]
385 = [39, 0, 0, 202]
385 = [39, 0, 0, 203]
385 = [39, 0, 0, 204]
385 = [39, 0, 0, 205]
385 = [39, 0, 0, 206]
385 = [39, 0, 0, 207]
385 = [39, 0, 0, 208]
385 = [39, 0, 0, 210]
385 = [39, 0, 0, 211]
385 = [39, 0, 0, 212]
385 = [39, 0, 0, 213]
385 = [39, 0, 0, 214]
385 = [39, 0, 0, 215]
385 = [39, 0, 0, 217]
385 = [39, 0, 0, 218]
385 = [39, 0, 0, 219]
385 = [39, 0, 0, 220]
385 = [39, 0, 0, 221]
385 = [39, 0, 0, 223]
385 = [39, 0, 0, 224]
385 = [39, 0, 0, 225]
385 = [39, 0, 0, 226]
385 = [39, 0, 0, 227]
385 = [39, 0, 0, 228]
385 = [39, 0, 0, 230]
385 = [39, 0, 0, 231]
385 = [39, 0, 0, 232]
385 = [39, 0, 0, 201]
385 = [39, 0, 0, 234]
385 = [39, 0, 0, 235]
385 = [39, 0, 0, 236]
385 = [39, 0, 0, 237]
385 = [39, 0, 0, 238]
385 = [39, 0, 0, 240]
385 = [39, 0, 0, 31]
513 = [15, 0, 0, 0]
641 = [26, 0, 0, 251]
641 = [26, 0, 0, 249]
641 = [26, 0, 0, 252]
641 = [26, 0, 0, 253]
897 = [2, 0, 0, 171]
897 = [93, 0, 0, 170]
897 = [72, 0, 0, 170]
897 = [14, 0, 0, 171]
897 = [0, 0, 0, 255]
897 = [17, 0, 0, 0]
897 = [242, 15, 15, 84]
897 = [230, 15, 15, 171]
897 = [8, 0, 0, 0]
897 = [20, 0, 0, 171]
897 = [14, 0, 0, 0]
897 = [0, 0, 0, 84]
897 = [8, 0, 0, 255]
897 = [90, 0, 0, 255]
897 = [251, 15, 15, 84]
897 = [125, 0, 0, 85]
897 = [122, 0, 0, 85]
897 = [245, 15, 15, 84]
897 = [96, 0, 0, 85]
897 = [72, 0, 0, 255]
897 = [66, 0, 0, 170]
897 = [133, 0, 0, 85]
897 = [128, 0, 0, 170]
897 = [125, 0, 0, 170]
897 = [93, 0, 0, 0]
897 = [96, 0, 0, 170]
897 = [40, 0, 0, 0]
897 = [49, 0, 0, 255]
897 = [119, 0, 0, 85]
897 = [224, 15, 15, 171]
897 = [34, 0, 0, 255]
897 = [37, 0, 0, 0]
897 = [69, 0, 0, 170]
897 = [101, 0, 0, 0]
1153 = [233, 1, 0, 5]
1153 = [30, 1, 0, 5]
1153 = [248, 0, 14, 5]
1153 = [181, 1, 0, 5]
1153 = [149, 0, 14, 5]
1153 = [53, 1, 3, 5]
1153 = [110, 0, 14, 5]
1153 = [34, 1, 3, 5]
1153 = [207, 1, 1, 5]
1153 = [16, 0, 14, 5]
1153 = [218, 0, 15, 5]
1153 = [137, 0, 14, 5]
1153 = [28, 1, 4, 5]
1153 = [48, 1, 3, 5]
1153 = [49, 1, 2, 5]
1153 = [85, 1, 3, 5]
1153 = [11, 0, 13, 5]
1153 = [161, 0, 13, 5]
1153 = [178, 1, 2, 5]
1153 = [50, 0, 12, 5]
1153 = [1, 1, 2, 5]
1153 = [255, 1, 0, 5]
1153 = [88, 0, 13, 5]
1153 = [175, 1, 3, 5]
1153 = [71, 0, 14, 5]
1153 = [221, 1, 3, 5]
1153 = [2, 0, 15, 5]
1153 = [228, 0, 12, 5]
1153 = [86, 1, 0, 5]
1153 = [115, 1, 0, 5]
1153 = [244, 1, 2, 5]
1153 = [96, 0, 14, 5]
1153 = [17, 1, 1, 5]
1153 = [104, 0, 13, 5]
1153 = [92, 1, 2, 5]
1153 = [6, 1, 2, 5]
1153 = [208, 1, 1, 5]
1153 = [124, 1, 1, 5]
1153 = [148, 0, 14, 5]
1153 = [198, 1, 0, 5]
1153 = [243, 0, 14, 5]
1409 = [79, 0, 1, 16]
1409 = [75, 1, 10, 32]
1409 = [79, 8, 0, 32]
1537 = [64, 0, 1, 16]
1537 = [64, 1, 10, 32]
1537 = [64, 8, 0, 32]
